timestamp,readableTimestamp,coinId,price,marketCap,totalVolume
1609459200000,"1/1/2021, 12:00:00 AM",kira-network,0.23402345552804796,2802145.8375163036,408816.8858491212
1609545600000,"1/2/2021, 12:00:00 AM",kira-network,0.22854753892222202,2742204.4622345553,436861.1420894815
1609632000000,"1/3/2021, 12:00:00 AM",kira-network,0.22207177135900064,2671133.950396041,678331.150437877
1609718400000,"1/4/2021, 12:00:00 AM",kira-network,0.2513329226776472,3028723.737038446,738928.7495449702
1609804800000,"1/5/2021, 12:00:00 AM",kira-network,0.23769279676993155,2844755.8551873397,737948.790768013
1609891200000,"1/6/2021, 12:00:00 AM",kira-network,0.2639864423166268,3543411.402734894,1092341.4206054544
1609977600000,"1/7/2021, 12:00:00 AM",kira-network,0.27254923721543356,3685042.7840688676,882309.0855228541
1610064000000,"1/8/2021, 12:00:00 AM",kira-network,0.26158591888173904,3525502.8387221363,697400.3734223786
1610150400000,"1/9/2021, 12:00:00 AM",kira-network,0.2531474892750164,3409925.5626443992,1075426.7106567034
1610236800000,"1/10/2021, 12:00:00 AM",kira-network,0.2513573681452535,3406047.3832233944,610353.9355206434
1610323200000,"1/11/2021, 12:00:00 AM",kira-network,0.2274474984570861,3056408.6624204507,828669.3144036172
1610409600000,"1/12/2021, 12:00:00 AM",kira-network,0.20285864478571108,2722818.445475502,688723.5708389704
1610496000000,"1/13/2021, 12:00:00 AM",kira-network,0.19676507531928064,2651935.612667935,271433.76352038514
1610582400000,"1/14/2021, 12:00:00 AM",kira-network,0.2108767897868334,2875846.8544304194,755154.9904901646
1610668800000,"1/15/2021, 12:00:00 AM",kira-network,0.2287226166091361,3111672.1808335036,673797.8651543005
1610755200000,"1/16/2021, 12:00:00 AM",kira-network,0.2459022338979037,3371640.1660835817,890388.188520966
1610841600000,"1/17/2021, 12:00:00 AM",kira-network,0.2461882749189958,3366979.241239441,571240.5273341015
1610928000000,"1/18/2021, 12:00:00 AM",kira-network,0.23059070235673745,3140070.2685266035,838735.2142674442
1611014400000,"1/19/2021, 12:00:00 AM",kira-network,0.24822065973404206,3386791.4352855976,851898.3919607513
1611100800000,"1/20/2021, 12:00:00 AM",kira-network,0.25732276955030603,3520741.7994125294,797037.5040280506
1611187200000,"1/21/2021, 12:00:00 AM",kira-network,0.25410436568444816,3396451.2141104983,709571.9542729375
1611273600000,"1/22/2021, 12:00:00 AM",kira-network,0.21779256465614322,2994567.1144073904,669664.5129189793
1611360000000,"1/23/2021, 12:00:00 AM",kira-network,0.23897661307705348,3248891.14057064,799642.8125948138
1611446400000,"1/24/2021, 12:00:00 AM",kira-network,0.23578908554047387,3228976.0824368075,559656.0501525098
1611532800000,"1/25/2021, 12:00:00 AM",kira-network,0.3412983026312246,4649395.945048576,1147942.9423569757
1611619200000,"1/26/2021, 12:00:00 AM",kira-network,0.3721267244844466,5125793.2507640235,1800984.3888934683
1611705600000,"1/27/2021, 12:00:00 AM",kira-network,0.36674721519238695,5039148.579676208,1366864.833648501
1611792000000,"1/28/2021, 12:00:00 AM",kira-network,0.4266701419640439,5632828.969309134,815389.4073922212
1611878400000,"1/29/2021, 12:00:00 AM",kira-network,0.535523747963259,8015172.990134722,1828019.7031873795
1611964800000,"1/30/2021, 12:00:00 AM",kira-network,0.5369686751495053,7350761.505199823,1643188.4244695145
1612051200000,"1/31/2021, 12:00:00 AM",kira-network,0.4807672977934574,6609282.04609396,1054337.665956827
1612137600000,"2/1/2021, 12:00:00 AM",kira-network,0.486401889984873,6683217.462969233,920894.2379154266
1612224000000,"2/2/2021, 12:00:00 AM",kira-network,0.49512043370269593,6803011.2483684365,900087.4704728829
1612310400000,"2/3/2021, 12:00:00 AM",kira-network,0.5115490834859461,7020868.467928269,928766.8050657731
1612396800000,"2/4/2021, 12:00:00 AM",kira-network,0.5685959363970698,7812573.038358098,1427902.975977609
1612483200000,"2/5/2021, 12:00:00 AM",kira-network,0.49928352802665377,6905906.492698798,1061524.3773402572
1612569600000,"2/6/2021, 12:00:00 AM",kira-network,0.5052249202871276,6806826.323815611,1096132.7121763085
1612656000000,"2/7/2021, 12:00:00 AM",kira-network,0.4684611443167823,6365338.026864787,847589.0661812845
1612742400000,"2/8/2021, 12:00:00 AM",kira-network,0.4914433939161997,6765738.06124302,1081290.892525692
1612828800000,"2/9/2021, 12:00:00 AM",kira-network,0.5575094069254954,7624200.570072649,1086663.4173934269
1612915200000,"2/10/2021, 12:00:00 AM",kira-network,0.5385513072016073,7413596.918283579,1013622.7412614234
1613001600000,"2/11/2021, 12:00:00 AM",kira-network,0.5563116934590707,7668376.361966467,1102265.585047343
1613088000000,"2/12/2021, 12:00:00 AM",kira-network,0.5809213472219392,8151644.665350884,787642.7409771851
1613174400000,"2/13/2021, 12:00:00 AM",kira-network,0.6508056490440809,8829376.102585617,1238547.0890226476
1613260800000,"2/14/2021, 12:00:00 AM",kira-network,0.9115085868258078,12511628.929939976,3256893.627169971
1613347200000,"2/15/2021, 12:00:00 AM",kira-network,1.154750307834694,15519664.430163546,4944810.12409572
1613433600000,"2/16/2021, 12:00:00 AM",kira-network,1.2387991532754463,16994456.49245608,4599055.47991888
1613520000000,"2/17/2021, 12:00:00 AM",kira-network,1.1366493524265344,15480543.256809058,1856107.0585291607
1613606400000,"2/18/2021, 12:00:00 AM",kira-network,2.1188190619186127,29511534.472848076,20070173.235301908
1613692800000,"2/19/2021, 12:00:00 AM",kira-network,2.151350631374513,29547513.689748045,10877488.214706859
1613779200000,"2/20/2021, 12:00:00 AM",kira-network,1.717118977359973,23286195.971378174,3229574.3471934693
1613865600000,"2/21/2021, 12:00:00 AM",kira-network,1.8742917094644929,26238270.64955292,1997675.2248066594
1613952000000,"2/22/2021, 12:00:00 AM",kira-network,2.031909187482478,27474791.267846934,2607697.2634510505
1614038400000,"2/23/2021, 12:00:00 AM",kira-network,1.9756601568308612,27093918.548531543,4233528.177890869
1614124800000,"2/24/2021, 12:00:00 AM",kira-network,1.5259268986281656,20981534.90961061,2848506.5476253573
1614211200000,"2/25/2021, 12:00:00 AM",kira-network,1.5701918151017005,21574614.68586275,2669463.064614765
1614297600000,"2/26/2021, 12:00:00 AM",kira-network,1.4103080288930028,19556673.810038283,2129744.500545037
1614384000000,"2/27/2021, 12:00:00 AM",kira-network,1.295806576530808,17816245.14237765,2275764.1752882334
1614470400000,"2/28/2021, 12:00:00 AM",kira-network,1.3056566917875918,17916478.961172294,1744091.963858259
1614556800000,"3/1/2021, 12:00:00 AM",kira-network,1.2273837178894051,16926511.141166087,2167920.368470886
1614643200000,"3/2/2021, 12:00:00 AM",kira-network,1.5175636974771967,33540012.54502125,2754661.863042687
1614729600000,"3/3/2021, 12:00:00 AM",kira-network,1.390793865239017,29082718.20758291,2063989.0035159716
1614816000000,"3/4/2021, 12:00:00 AM",kira-network,1.3580748169416115,30153333.093155995,2281354.1341339033
1614902400000,"3/5/2021, 12:00:00 AM",kira-network,1.364331963761952,30201666.40886619,1846740.153772076
1614988800000,"3/6/2021, 12:00:00 AM",kira-network,1.3389425283124468,29630848.01542302,2078024.1828786896
1615075200000,"3/7/2021, 12:00:00 AM",kira-network,1.4151524520466352,31397463.846712787,2016096.2656605125
1615161600000,"3/8/2021, 12:00:00 AM",kira-network,1.336436051586088,29601686.21272264,2332876.818746913
1615248000000,"3/9/2021, 12:00:00 AM",kira-network,1.4749824590820217,32674717.208551563,2146482.7421183996
1615334400000,"3/10/2021, 12:00:00 AM",kira-network,1.218965358188378,26909222.408297382,2283895.5195332305
1615420800000,"3/11/2021, 12:00:00 AM",kira-network,1.1450909942068364,25566741.962923132,2185046.783879955
1615507200000,"3/12/2021, 12:00:00 AM",kira-network,1.1952043489020896,27274682.51911726,2356786.2980941297
1615593600000,"3/13/2021, 12:00:00 AM",kira-network,1.1050425267705615,24498486.28291602,2021019.777530467
1615680000000,"3/14/2021, 12:00:00 AM",kira-network,1.2719507491472695,28222571.711100936,2255718.5153288445
1615766400000,"3/15/2021, 12:00:00 AM",kira-network,1.6170651559236888,36309127.878041856,4493668.505205756
1615852800000,"3/16/2021, 12:00:00 AM",kira-network,1.47076100367448,32776713.344406437,3567037.1947992267
1615939200000,"3/17/2021, 12:00:00 AM",kira-network,1.4702710953240998,32708705.49451817,2807555.58373575
1616025600000,"3/18/2021, 12:00:00 AM",kira-network,1.3455567320541608,29826578.104610946,1795999.7638043521
1616112000000,"3/19/2021, 12:00:00 AM",kira-network,1.2932374696902793,28715071.603089463,1430327.1730071062
1616198400000,"3/20/2021, 12:00:00 AM",kira-network,1.2928335215258708,28940467.84874392,1402108.8891067805
1616284800000,"3/21/2021, 12:00:00 AM",kira-network,1.373082266021814,30657058.743069846,1763577.5343621282
1616371200000,"3/22/2021, 12:00:00 AM",kira-network,1.3757347022408932,30591584.515407033,1655260.2281216974
1616457600000,"3/23/2021, 12:00:00 AM",kira-network,1.2920571599406387,28851527.018670037,1364043.117294098
1616544000000,"3/24/2021, 12:00:00 AM",kira-network,1.2619344361202078,28126438.329226222,1943964.1805490898
1616630400000,"3/25/2021, 12:00:00 AM",kira-network,1.2184914891907455,27275513.993061956,1629567.057870252
1616716800000,"3/26/2021, 12:00:00 AM",kira-network,1.2043856761459624,26696752.310934346,1176903.0765849317
1616803200000,"3/27/2021, 12:00:00 AM",kira-network,1.2839651597799235,28703094.351780016,1552978.8151121242
1616889600000,"3/28/2021, 12:00:00 AM",kira-network,1.2722595621239976,28436285.156591233,1271210.9256650712
1616976000000,"3/29/2021, 12:00:00 AM",kira-network,1.2356220217741825,28048563.09557283,740136.2355826696
1617062400000,"3/30/2021, 12:00:00 AM",kira-network,1.3415764019088028,29908222.430513546,1450125.3320861298
1617148800000,"3/31/2021, 12:00:00 AM",kira-network,1.4838243133678135,33077211.114359546,1242020.0160817523
1617235200000,"4/1/2021, 12:00:00 AM",kira-network,1.4932844449685432,33890915.26902972,1277056.0022608729
1617321600000,"4/2/2021, 12:00:00 AM",kira-network,1.468008104450919,32759304.155327063,1583237.4343602785
1617408000000,"4/3/2021, 12:00:00 AM",kira-network,1.5126190855934787,33784936.541042164,1604778.2382480996
1617494400000,"4/4/2021, 12:00:00 AM",kira-network,1.306708816921177,29402457.2662261,1277009.967746284
1617580800000,"4/5/2021, 12:00:00 AM",kira-network,1.3655872186703424,30425026.78754756,1645038.4204257824
1617667200000,"4/6/2021, 12:00:00 AM",kira-network,1.2718099148396849,33435586.519882787,1483734.3254571233
1617753600000,"4/7/2021, 12:00:00 AM",kira-network,1.2749973530653473,33557865.148110196,857566.2849589955
1617840000000,"4/8/2021, 12:00:00 AM",kira-network,1.1685677666677583,31487110.493268248,1510318.9416699135
1617926400000,"4/9/2021, 12:00:00 AM",kira-network,1.2891417576961315,33917093.30741136,1913683.9454902958
1618012800000,"4/10/2021, 12:00:00 AM",kira-network,1.3148785137151922,34447786.53912488,1853079.8183752478
1618099200000,"4/11/2021, 12:00:00 AM",kira-network,1.3221147877550647,34801517.34343744,1512428.478494002
1618185600000,"4/12/2021, 12:00:00 AM",kira-network,1.3399732726392652,35353280.561170645,1587999.554798829
1618272000000,"4/13/2021, 12:00:00 AM",kira-network,1.2459858789947633,32779029.016291082,1538993.36159928
1618358400000,"4/14/2021, 12:00:00 AM",kira-network,1.2544337926352531,32947172.90243316,1970987.0256247353
1618444800000,"4/15/2021, 12:00:00 AM",kira-network,1.290418381542143,34075285.94351418,1773267.1255916473
1618531200000,"4/16/2021, 12:00:00 AM",kira-network,1.2711643942508464,33460209.69979179,879131.0392041401
1618617600000,"4/17/2021, 12:00:00 AM",kira-network,1.2030587109674118,31672502.957998037,1455685.489776872
1618704000000,"4/18/2021, 12:00:00 AM",kira-network,1.1530794014971242,30529441.990986697,1611271.4687881467
1618790400000,"4/19/2021, 12:00:00 AM",kira-network,1.0908454901904068,28775007.04398559,1011234.7661566767
1618876800000,"4/20/2021, 12:00:00 AM",kira-network,0.9744831926586774,25719158.843005896,1362569.8844163264
1618963200000,"4/21/2021, 12:00:00 AM",kira-network,1.0128187033143417,26458820.67174343,1402480.4732944346
1619049600000,"4/22/2021, 12:00:00 AM",kira-network,0.991970830447375,26177147.426055945,867968.2717934661
1619136000000,"4/23/2021, 12:00:00 AM",kira-network,0.9188463435042117,24638769.13022427,1030747.9264677365
1619222400000,"4/24/2021, 12:00:00 AM",kira-network,0.8837855494073985,22726882.47722992,1316658.6534866528
1619308800000,"4/25/2021, 12:00:00 AM",kira-network,0.8166502793249134,21758636.363040935,1193948.4015942197
1619395200000,"4/26/2021, 12:00:00 AM",kira-network,0.8442198648536973,22259125.821297526,1316116.238528578
1619481600000,"4/27/2021, 12:00:00 AM",kira-network,0.9189746459832068,24254143.191790987,606653.4289980838
1619568000000,"4/28/2021, 12:00:00 AM",kira-network,0.930620238390154,24608122.40704635,937946.4024429398
1619654400000,"4/29/2021, 12:00:00 AM",kira-network,0.9493120291753396,24609788.45566815,970700.6835806636
1619740800000,"4/30/2021, 12:00:00 AM",kira-network,0.9357428967925835,24700274.709148828,1402031.9008775572
1619827200000,"5/1/2021, 12:00:00 AM",kira-network,0.9284653026308224,24442921.236702166,1398935.5449614734
1619913600000,"5/2/2021, 12:00:00 AM",kira-network,0.9578080442191557,25312098.629855674,1264910.927403373
1620000000000,"5/3/2021, 12:00:00 AM",kira-network,0.9589405213291797,25397419.039049894,593655.7950997505
1620086400000,"5/4/2021, 12:00:00 AM",kira-network,1.0800948133108235,28509553.93426991,1160442.0826771266
1620172800000,"5/5/2021, 12:00:00 AM",kira-network,1.0421238787187321,27847245.340493027,1161805.0381061563
1620259200000,"5/6/2021, 12:00:00 AM",kira-network,1.1364301273875979,30765996.568728875,1583927.8394632295
1620345600000,"5/7/2021, 12:00:00 AM",kira-network,1.1515034485853088,31208691.43766152,1500197.0480850667
1620432000000,"5/8/2021, 12:00:00 AM",kira-network,1.1706986446173706,31657895.80198672,1499462.3334830354
1620518400000,"5/9/2021, 12:00:00 AM",kira-network,1.3418611071248792,36278576.61131406,1492595.5149211981
1620604800000,"5/10/2021, 12:00:00 AM",kira-network,1.2863092303426493,34796126.16714851,1278025.788413214
1620691200000,"5/11/2021, 12:00:00 AM",kira-network,1.3645293038856445,36951306.82233074,1404409.108919284
1620777600000,"5/12/2021, 12:00:00 AM",kira-network,1.3858292302584523,37468240.17306142,1342674.8787318862
1620864000000,"5/13/2021, 12:00:00 AM",kira-network,1.2305477443748776,34397420.83070618,1502279.8674058495
1620950400000,"5/14/2021, 12:00:00 AM",kira-network,1.1639982796334767,31310301.125953726,1776598.023783215
1621036800000,"5/15/2021, 12:00:00 AM",kira-network,1.2701039435406094,34364861.82463035,1989603.3247368329
1621123200000,"5/16/2021, 12:00:00 AM",kira-network,0.9914171582150441,26825060.120061554,2201955.374302879
1621209600000,"5/17/2021, 12:00:00 AM",kira-network,0.9503825845515586,25736045.76428063,1346700.4085357788
1621296000000,"5/18/2021, 12:00:00 AM",kira-network,0.8859892239513327,24109259.52247367,1612866.1568827713
1621382400000,"5/19/2021, 12:00:00 AM",kira-network,0.9600611300477142,25952690.255779855,1328605.2882091547
1621468800000,"5/20/2021, 12:00:00 AM",kira-network,0.6689239806025994,18456407.588830702,1584245.604402657
1621555200000,"5/21/2021, 12:00:00 AM",kira-network,0.709796422375994,19229820.29063998,1772262.0531367587
1621641600000,"5/22/2021, 12:00:00 AM",kira-network,0.6223297557136721,16831049.394147713,1667367.9474981641
1621728000000,"5/23/2021, 12:00:00 AM",kira-network,0.5723826630351525,15663803.080361577,1714361.0113985885
1621814400000,"5/24/2021, 12:00:00 AM",kira-network,0.49833630900109116,13369863.434509544,1526615.4341649425
1621900800000,"5/25/2021, 12:00:00 AM",kira-network,0.6269367791507996,17008617.542611092,1740159.8386549216
1621987200000,"5/26/2021, 12:00:00 AM",kira-network,0.6290394041722768,17016377.933777064,1465797.741308569
1622073600000,"5/27/2021, 12:00:00 AM",kira-network,0.6740184880479948,18327629.267393075,1332638.5660497579
1622160000000,"5/28/2021, 12:00:00 AM",kira-network,0.6457434925117657,17555963.133078918,1081373.0382695089
1622246400000,"5/29/2021, 12:00:00 AM",kira-network,0.5675537970957463,15379049.252820898,1159964.4715241024
1622332800000,"5/30/2021, 12:00:00 AM",kira-network,0.5170353100219516,14178709.913556244,1074886.4096359985
1622419200000,"5/31/2021, 12:00:00 AM",kira-network,0.5281182403636819,14356678.056489795,1255157.8941574697
1622505600000,"6/1/2021, 12:00:00 AM",kira-network,0.6013363617947122,16287798.463147819,1243331.5566515783
1622592000000,"6/2/2021, 12:00:00 AM",kira-network,0.5698378881005984,15457083.339016913,1179414.9670173153
1622678400000,"6/3/2021, 12:00:00 AM",kira-network,0.5814927525549068,15800442.839240318,1383369.4851024356
1622764800000,"6/4/2021, 12:00:00 AM",kira-network,0.6158973761205632,16719430.260818915,1471311.1300268017
1622851200000,"6/5/2021, 12:00:00 AM",kira-network,0.56844317797193,15781428.403271219,1226592.5480607708
1622937600000,"6/6/2021, 12:00:00 AM",kira-network,0.5542611866882244,15393426.454352198,1204566.9850746857
1623024000000,"6/7/2021, 12:00:00 AM",kira-network,0.5705366235915548,15801416.502602685,1329790.9370881042
1623110400000,"6/8/2021, 12:00:00 AM",kira-network,0.5268550715962893,14658760.51518993,1361655.1438815354
1623196800000,"6/9/2021, 12:00:00 AM",kira-network,0.5145966615246642,14347465.834967807,1244358.4473241447
1623283200000,"6/10/2021, 12:00:00 AM",kira-network,0.531262634576633,14844831.383149117,1263110.5943315974
1623369600000,"6/11/2021, 12:00:00 AM",kira-network,0.5020572426923064,13994223.160808994,1362437.3580279832
1623456000000,"6/12/2021, 12:00:00 AM",kira-network,0.4670030557210886,12965367.966652285,1254465.7218684736
1623542400000,"6/13/2021, 12:00:00 AM",kira-network,0.4759306089806911,13242196.772617303,1195558.558885123
1623628800000,"6/14/2021, 12:00:00 AM",kira-network,0.4972042032623519,13830727.177525576,1601351.2565693385
1623715200000,"6/15/2021, 12:00:00 AM",kira-network,0.4892625191253818,13634976.861538967,1400575.1011481863
1623801600000,"6/16/2021, 12:00:00 AM",kira-network,0.48160470654446896,13464757.251538457,1487054.4833775596
1623888000000,"6/17/2021, 12:00:00 AM",kira-network,0.48317427028180554,13770259.08527637,1842285.7670287937
1623974400000,"6/18/2021, 12:00:00 AM",kira-network,0.48884848173671464,13938549.637541413,1490296.9198081463
1624060800000,"6/19/2021, 12:00:00 AM",kira-network,0.3956294264719734,11287546.266930612,1662802.0994996289
1624147200000,"6/20/2021, 12:00:00 AM",kira-network,0.3756244283276695,10739566.438377092,1435457.0570493126
1624233600000,"6/21/2021, 12:00:00 AM",kira-network,0.38379486687351894,11012886.027928079,1268474.37613505
1624320000000,"6/22/2021, 12:00:00 AM",kira-network,0.3192960190540827,9194799.848542523,990406.0874685512
1624406400000,"6/23/2021, 12:00:00 AM",kira-network,0.30733645836810003,8750251.533746736,755547.241965514
1624492800000,"6/24/2021, 12:00:00 AM",kira-network,0.3235762358909258,9183547.726275306,413989.7429766102
1624579200000,"6/25/2021, 12:00:00 AM",kira-network,0.32702823874071146,9332286.060428584,358059.03521743225
1624665600000,"6/26/2021, 12:00:00 AM",kira-network,0.2980318698593363,8496566.184134379,366083.10722261446
1624752000000,"6/27/2021, 12:00:00 AM",kira-network,0.3016552378209196,8533610.831986506,290585.12377162144
1624838400000,"6/28/2021, 12:00:00 AM",kira-network,0.3221018093774167,9095626.48606324,294683.51224880613
1624924800000,"6/29/2021, 12:00:00 AM",kira-network,0.34644103739370025,9834779.716655225,321458.9535044434
1625011200000,"6/30/2021, 12:00:00 AM",kira-network,0.35733847445373856,10184594.35559865,369376.9038648037
1625097600000,"7/1/2021, 12:00:00 AM",kira-network,0.3818516910035932,10865224.755961765,444124.4446612278
1625184000000,"7/2/2021, 12:00:00 AM",kira-network,0.34133569442608774,9811764.958612673,352687.0020205963
1625270400000,"7/3/2021, 12:00:00 AM",kira-network,0.3494663446325081,9907017.652289629,431477.4728668016
1625356800000,"7/4/2021, 12:00:00 AM",kira-network,0.3523953465869844,10024158.055627447,415899.65785047703
1625443200000,"7/5/2021, 12:00:00 AM",kira-network,0.3757657745222964,10724139.779942177,251486.22936765148
1625529600000,"7/6/2021, 12:00:00 AM",kira-network,0.3588544074101154,10287074.671852876,411847.3166734031
1625616000000,"7/7/2021, 12:00:00 AM",kira-network,0.3748508355772459,10644883.987262294,408318.4301642993
1625702400000,"7/8/2021, 12:00:00 AM",kira-network,0.3784291286828548,10791666.092955237,327940.46549834154
1625788800000,"7/9/2021, 12:00:00 AM",kira-network,0.34832834918548505,9923090.250805294,246678.2355672999
1625875200000,"7/10/2021, 12:00:00 AM",kira-network,0.35429484448700155,10165970.347781627,209658.76914229736
1625961600000,"7/11/2021, 12:00:00 AM",kira-network,0.34747312729179247,9882634.863495685,165894.4828266873
1626048000000,"7/12/2021, 12:00:00 AM",kira-network,0.35399439919312636,10115486.31128237,233264.34260977164
1626134400000,"7/13/2021, 12:00:00 AM",kira-network,0.3335351465101436,9514402.178687105,210929.57944315177
1626220800000,"7/14/2021, 12:00:00 AM",kira-network,0.32587838663678936,9303970.721876573,261790.69350792153
1626307200000,"7/15/2021, 12:00:00 AM",kira-network,0.3687752397661137,10516742.929971509,493302.75199377735
1626393600000,"7/16/2021, 12:00:00 AM",kira-network,0.3633984108931229,10406944.317995802,366053.3328012044
1626480000000,"7/17/2021, 12:00:00 AM",kira-network,0.35614781489676106,10150656.856560819,310580.8616390998
1626566400000,"7/18/2021, 12:00:00 AM",kira-network,0.3562110679198984,10156508.714908525,332795.3397440806
1626652800000,"7/19/2021, 12:00:00 AM",kira-network,0.3520372016318434,9981750.701704025,307336.9082024582
1626739200000,"7/20/2021, 12:00:00 AM",kira-network,0.2930974846509136,8368220.530104999,802794.96995518
1626825600000,"7/21/2021, 12:00:00 AM",kira-network,0.28211571664257545,8042946.351212848,606331.5056692611
1626912000000,"7/22/2021, 12:00:00 AM",kira-network,0.3114074329073536,9003187.067733932,720884.186433456
1626998400000,"7/23/2021, 12:00:00 AM",kira-network,0.31759716994322784,9080908.297349315,523981.6275561694
1627084800000,"7/24/2021, 12:00:00 AM",kira-network,0.32495530806199685,9263825.109009648,510514.1253444336
1627171200000,"7/25/2021, 12:00:00 AM",kira-network,0.3394720818264859,9679236.464135265,583387.8473057692
1627257600000,"7/26/2021, 12:00:00 AM",kira-network,0.3435093930480941,9794350.760966387,522648.50350496295
1627344000000,"7/27/2021, 12:00:00 AM",kira-network,0.35839152177426137,10264610.061610702,1079630.404645393
1627430400000,"7/28/2021, 12:00:00 AM",kira-network,0.34714554871469927,9877702.424054425,496722.66557349404
1627516800000,"7/29/2021, 12:00:00 AM",kira-network,0.3576257843884172,10192880.050328908,510157.04256935365
1627603200000,"7/30/2021, 12:00:00 AM",kira-network,0.36661473248129106,10449407.700234728,391150.6304888933
1627689600000,"7/31/2021, 12:00:00 AM",kira-network,0.394393534694083,11437737.61569376,1003483.3777012039
1627776000000,"8/1/2021, 12:00:00 AM",kira-network,0.3976587828711387,11576886.68603222,642242.6143080833
1627862400000,"8/2/2021, 12:00:00 AM",kira-network,0.4009436569877302,11679449.194288254,846613.0039043918
1627948800000,"8/3/2021, 12:00:00 AM",kira-network,0.4464833041279131,13020789.824416244,670210.212455756
1628035200000,"8/4/2021, 12:00:00 AM",kira-network,0.43249984516028034,12531120.623989878,825112.3591893364
1628121600000,"8/5/2021, 12:00:00 AM",kira-network,0.4647693568139038,13571557.351844631,861840.4266467459
1628208000000,"8/6/2021, 12:00:00 AM",kira-network,0.4849687143946898,14104052.821543552,773984.322394033
1628294400000,"8/7/2021, 12:00:00 AM",kira-network,0.5010023593928501,14639239.12342965,1003712.0320660244
1628380800000,"8/8/2021, 12:00:00 AM",kira-network,0.5400842940070858,15771934.744922668,992322.8178930318
1628467200000,"8/9/2021, 12:00:00 AM",kira-network,0.531972712384721,15553178.416721215,928974.4057083431
1628553600000,"8/10/2021, 12:00:00 AM",kira-network,0.5547693071230491,16152542.236972854,605018.3264359904
1628640000000,"8/11/2021, 12:00:00 AM",kira-network,0.5536657144004767,16172308.602491522,659628.1347775336
1628726400000,"8/12/2021, 12:00:00 AM",kira-network,0.575385825176549,16962650.403073836,709848.2873157235
1628812800000,"8/13/2021, 12:00:00 AM",kira-network,0.5329199920725781,15646140.572591668,618624.5869547209
1628899200000,"8/14/2021, 12:00:00 AM",kira-network,0.5762177157567433,16823020.921178035,998757.0608733849
1628985600000,"8/15/2021, 12:00:00 AM",kira-network,0.5783245055019,16908635.512209423,1390818.642724524
1629072000000,"8/16/2021, 12:00:00 AM",kira-network,0.5718589771796685,16742903.52938937,684415.5190164532
1629158400000,"8/17/2021, 12:00:00 AM",kira-network,0.5673278587111213,16592985.723044505,935986.3870992116
1629244800000,"8/18/2021, 12:00:00 AM",kira-network,0.5238777837316962,15341008.776173627,607125.8056281153
1629331200000,"8/19/2021, 12:00:00 AM",kira-network,0.5340870216856036,15601573.033035832,562644.4881396767
1629417600000,"8/20/2021, 12:00:00 AM",kira-network,0.5345149494699559,15449053.557994641,570110.778520713
1629504000000,"8/21/2021, 12:00:00 AM",kira-network,0.5774667387007837,16869312.98864681,990912.2037998345
1629590400000,"8/22/2021, 12:00:00 AM",kira-network,0.577282767446698,16881917.197758272,738369.1284135961
1629676800000,"8/23/2021, 12:00:00 AM",kira-network,0.656863116681832,19221109.851644747,1470093.131355599
1629763200000,"8/24/2021, 12:00:00 AM",kira-network,0.7789241057204683,22784662.016528577,2160623.8931427305
1629849600000,"8/25/2021, 12:00:00 AM",kira-network,0.6529189681512795,19087004.536060784,915899.835304047
1629936000000,"8/26/2021, 12:00:00 AM",kira-network,0.6406525728871671,18701800.32438169,587812.4454917707
1630022400000,"8/27/2021, 12:00:00 AM",kira-network,0.6188074775904236,18093141.049977392,1137098.8480657744
1630108800000,"8/28/2021, 12:00:00 AM",kira-network,0.6855996249390852,19952994.156228147,1249632.7952588531
1630195200000,"8/29/2021, 12:00:00 AM",kira-network,0.6771945236479929,19749744.793794528,480204.7347216697
1630281600000,"8/30/2021, 12:00:00 AM",kira-network,0.6485099302908126,18953859.24921043,547832.2786515877
1630368000000,"8/31/2021, 12:00:00 AM",kira-network,0.6738616551055929,19612678.899526853,680898.7996090319
1630454400000,"9/1/2021, 12:00:00 AM",kira-network,0.668995823331162,19886141.069831226,1025204.710324532
1630540800000,"9/2/2021, 12:00:00 AM",kira-network,0.7443075637822253,22027087.523029625,805820.995060676
1630627200000,"9/3/2021, 12:00:00 AM",kira-network,0.7932593706285973,23560253.048734855,988231.960974554
1630713600000,"9/4/2021, 12:00:00 AM",kira-network,0.800684784757703,23722571.348038483,592259.73213979
1630800000000,"9/5/2021, 12:00:00 AM",kira-network,0.7625377913876566,22667559.41414673,488792.49995950464
1630886400000,"9/6/2021, 12:00:00 AM",kira-network,0.7576057953972148,22489545.812308665,567067.5700549504
1630972800000,"9/7/2021, 12:00:00 AM",kira-network,0.7535288467591624,22355177.58806286,635944.7133294783
1631059200000,"9/8/2021, 12:00:00 AM",kira-network,0.6978804892668359,20720115.565934412,982161.1390072976
1631145600000,"9/9/2021, 12:00:00 AM",kira-network,0.6957196571306783,20777858.428637344,604194.3550319484
1631232000000,"9/10/2021, 12:00:00 AM",kira-network,0.6760294364110526,20103331.973463655,327501.9547556313
1631318400000,"9/11/2021, 12:00:00 AM",kira-network,0.617578166235329,18351461.251731344,526190.4901398448
1631404800000,"9/12/2021, 12:00:00 AM",kira-network,0.6203309937039755,18436124.843040615,332884.1854717464
1631491200000,"9/13/2021, 12:00:00 AM",kira-network,0.6471497116199094,19269641.473101385,719168.5927571233
1631577600000,"9/14/2021, 12:00:00 AM",kira-network,0.6258963555847274,18597793.751449503,845269.5756465996
1631664000000,"9/15/2021, 12:00:00 AM",kira-network,0.6513202728566321,19376157.42801552,460407.1222776343
1631750400000,"9/16/2021, 12:00:00 AM",kira-network,0.6798346473835832,20174009.7361909,527237.2473171696
1631836800000,"9/17/2021, 12:00:00 AM",kira-network,0.6818134904430441,20277308.0392744,535693.6063549569
1631923200000,"9/18/2021, 12:00:00 AM",kira-network,0.6373843371888954,19152438.221989337,447930.89101523894
1632009600000,"9/19/2021, 12:00:00 AM",kira-network,0.6409368024642677,19014494.128073875,535117.375763457
1632096000000,"9/20/2021, 12:00:00 AM",kira-network,0.6155833507716852,18318139.02260473,518689.5271058791
1632182400000,"9/21/2021, 12:00:00 AM",kira-network,0.5352112135452404,15868276.151763795,1133520.1942465943
1632268800000,"9/22/2021, 12:00:00 AM",kira-network,0.49533919003059795,14768813.922642775,567644.9012898991
1632355200000,"9/23/2021, 12:00:00 AM",kira-network,0.5772164833878499,17143086.089225758,568046.0340546361
1632441600000,"9/24/2021, 12:00:00 AM",kira-network,0.6024497737917828,17892147.066471264,503150.83096206235
1632528000000,"9/25/2021, 12:00:00 AM",kira-network,0.46911994385795613,13941766.306458479,1757297.4735809912
1632614400000,"9/26/2021, 12:00:00 AM",kira-network,0.4846618060313832,14395711.134619867,384670.9750176108
1632700800000,"9/27/2021, 12:00:00 AM",kira-network,0.49825850960238516,14804562.813883703,577358.5732716311
1632787200000,"9/28/2021, 12:00:00 AM",kira-network,0.4715657804304394,14095102.596023876,501975.99864275486
1632873600000,"9/29/2021, 12:00:00 AM",kira-network,0.45390104013459653,13508596.57812856,591267.1625146153
1632960000000,"9/30/2021, 12:00:00 AM",kira-network,0.45593919983955894,13532979.939297222,463096.1733220322
1633046400000,"10/1/2021, 12:00:00 AM",kira-network,0.4838231348791764,14623326.541792937,933749.0498924057
1633132800000,"10/2/2021, 12:00:00 AM",kira-network,0.5192979145672617,15684315.533037065,732950.4293466787
1633219200000,"10/3/2021, 12:00:00 AM",kira-network,0.5271504538102092,15921359.51887474,317277.4526089979
1633305600000,"10/4/2021, 12:00:00 AM",kira-network,0.5257981230460813,15884153.014350737,487537.23419162555
1633392000000,"10/5/2021, 12:00:00 AM",kira-network,0.5166020784552076,15626984.080251219,693919.3768712417
1633478400000,"10/6/2021, 12:00:00 AM",kira-network,0.5602603369127378,16923149.704778116,558008.7828736544
1633564800000,"10/7/2021, 12:00:00 AM",kira-network,0.5802068203009144,17554084.294095386,756627.7281816036
1633651200000,"10/8/2021, 12:00:00 AM",kira-network,0.5507187324145404,16656274.101727758,471431.2102534954
1633737600000,"10/9/2021, 12:00:00 AM",kira-network,0.5142476720624598,15696245.242827864,454644.27172493754
1633824000000,"10/10/2021, 12:00:00 AM",kira-network,0.5448647766710861,16497169.309595108,1352046.0392060669
1633910400000,"10/11/2021, 12:00:00 AM",kira-network,0.5361968408446622,16207034.38859647,759695.1443670582
1633996800000,"10/12/2021, 12:00:00 AM",kira-network,0.5463535451050738,16510477.46248381,328407.5225231741
1634083200000,"10/13/2021, 12:00:00 AM",kira-network,0.5243457291767755,15880922.437600095,482882.22701718146
1634169600000,"10/14/2021, 12:00:00 AM",kira-network,0.5310273654525454,16039906.355304282,565744.8365378671
1634256000000,"10/15/2021, 12:00:00 AM",kira-network,0.5756506370042791,17379379.903672222,490058.0425924377
1634342400000,"10/16/2021, 12:00:00 AM",kira-network,0.5585678144815155,16900082.99504838,626456.3185282872
1634428800000,"10/17/2021, 12:00:00 AM",kira-network,0.5705968785004554,17270680.374064058,382571.3638664088
1634515200000,"10/18/2021, 12:00:00 AM",kira-network,0.5370106977016581,16212399.958244106,533671.7476076073
1634601600000,"10/19/2021, 12:00:00 AM",kira-network,0.5466659044102665,16507976.427872343,670544.4099379712
1634688000000,"10/20/2021, 12:00:00 AM",kira-network,0.5801755095931335,17514828.53639448,457212.4280555518
1634774400000,"10/21/2021, 12:00:00 AM",kira-network,0.5973810418444148,18131380.222777,544400.6010417325
1634860800000,"10/22/2021, 12:00:00 AM",kira-network,0.597031928367869,18058589.858256582,234446.43368475582
1634947200000,"10/23/2021, 12:00:00 AM",kira-network,0.5678417814608422,17152589.098976396,307166.8757176084
1635033600000,"10/24/2021, 12:00:00 AM",kira-network,0.5829614909686404,17636389.77888044,320638.6464986694
1635120000000,"10/25/2021, 12:00:00 AM",kira-network,0.5840109964379788,17434195.889556278,305033.1010088072
1635206400000,"10/26/2021, 12:00:00 AM",kira-network,0.6156172657880814,18599406.879643504,857682.8698145564
1635292800000,"10/27/2021, 12:00:00 AM",kira-network,0.5954914460931734,17956498.727917917,358679.3360230836
1635379200000,"10/28/2021, 12:00:00 AM",kira-network,0.5642612267797079,17081046.906260084,256631.6531093517
1635465600000,"10/29/2021, 12:00:00 AM",kira-network,0.5837483156829348,17595201.691752933,344849.53805893013
1635552000000,"10/30/2021, 12:00:00 AM",kira-network,0.5739628393489319,17317769.464417625,332685.0204712101
1635638400000,"10/31/2021, 12:00:00 AM",kira-network,0.5527276730868692,16699347.884957084,210914.15994191327
1635724800000,"11/1/2021, 12:00:00 AM",kira-network,0.5384174898524164,16276600.587272324,338036.00325545983
1635811200000,"11/2/2021, 12:00:00 AM",kira-network,0.549585834849427,16791336.55796922,285529.22757002816
1635897600000,"11/3/2021, 12:00:00 AM",kira-network,0.5725236272069403,17415493.12181283,415210.8401303272
1635984000000,"11/4/2021, 12:00:00 AM",kira-network,0.5801556822652829,17771331.960147623,373926.12444383936
1636070400000,"11/5/2021, 12:00:00 AM",kira-network,0.5865723709567866,17972352.776959706,400394.63272721996
1636156800000,"11/6/2021, 12:00:00 AM",kira-network,0.6119081330792229,18823756.88815622,148851.84065954312
1636243200000,"11/7/2021, 12:00:00 AM",kira-network,0.5906490080792628,18033067.115306854,323039.2963895242
1636329600000,"11/8/2021, 12:00:00 AM",kira-network,0.6128487117620607,18796337.248052325,370877.911532185
1636416000000,"11/9/2021, 12:00:00 AM",kira-network,0.6166440982832095,19005596.518390566,501793.0145319724
1636502400000,"11/10/2021, 12:00:00 AM",kira-network,0.5984152038106031,18313721.469515122,350070.68822421983
1636588800000,"11/11/2021, 12:00:00 AM",kira-network,0.588760138931177,18047589.02663932,390006.3755019903
1636675200000,"11/12/2021, 12:00:00 AM",kira-network,0.5983770503144538,18366576.002144076,621621.5597208401
1636761600000,"11/13/2021, 12:00:00 AM",kira-network,0.5704562824492848,17510745.44567041,355831.34029216954
1636848000000,"11/14/2021, 12:00:00 AM",kira-network,0.5686909542541876,17441929.39331577,295669.099589186
1636934400000,"11/15/2021, 12:00:00 AM",kira-network,0.5758731178592709,17640147.035002466,448126.2115775757
1637020800000,"11/16/2021, 12:00:00 AM",kira-network,0.5759698737796841,17646470.82253963,447504.53071635636
1637107200000,"11/17/2021, 12:00:00 AM",kira-network,0.5383169273080388,16506204.201251606,482806.56725662254
1637193600000,"11/18/2021, 12:00:00 AM",kira-network,0.5272824681750398,15477851.949925939,399179.0814177178
1637280000000,"11/19/2021, 12:00:00 AM",kira-network,0.49377181378948376,15156702.331202788,747843.8209724342
1637366400000,"11/20/2021, 12:00:00 AM",kira-network,0.5481349450849936,16820897.06796983,855871.8654253496
1637452800000,"11/21/2021, 12:00:00 AM",kira-network,0.5333981848492545,16828228.796095844,228518.95577030157
1637539200000,"11/22/2021, 12:00:00 AM",kira-network,0.5484417746678766,16889856.376844406,329116.2557615795
1637625600000,"11/23/2021, 12:00:00 AM",kira-network,0.48800778471167405,15012395.154989736,545062.0263774391
1637712000000,"11/24/2021, 12:00:00 AM",kira-network,0.5056144805295713,15540437.213550828,421992.60857778415
1637798400000,"11/25/2021, 12:00:00 AM",kira-network,0.49458517704639793,15230721.503571132,317761.83604889037
1637884800000,"11/26/2021, 12:00:00 AM",kira-network,0.5126192588991355,15912288.201148938,369001.69486975635
1637971200000,"11/27/2021, 12:00:00 AM",kira-network,0.47736679451527675,14658141.699132705,331166.1975829211
1638057600000,"11/28/2021, 12:00:00 AM",kira-network,0.479614114356432,14815560.91643028,311173.3254229901
1638144000000,"11/29/2021, 12:00:00 AM",kira-network,0.5006637537593847,15407001.26535821,180327.43267017484
1638230400000,"11/30/2021, 12:00:00 AM",kira-network,0.4922987739839759,15161441.468577484,385720.65120722866
1638316800000,"12/1/2021, 12:00:00 AM",kira-network,0.5140017944358677,15845863.000473011,266678.9416368381
1638403200000,"12/2/2021, 12:00:00 AM",kira-network,0.5209685728501569,15766347.718988078,150583.05794415332
1638489600000,"12/3/2021, 12:00:00 AM",kira-network,0.5048131534004264,15843239.3237231,296664.81399742136
1638576000000,"12/4/2021, 12:00:00 AM",kira-network,0.48029352882992987,14200285.082059497,143955.9726660233
1638662400000,"12/5/2021, 12:00:00 AM",kira-network,0.4472975452127861,13905697.5530786,379342.1753419604
1638748800000,"12/6/2021, 12:00:00 AM",kira-network,0.4494612075724691,13930042.644377364,258667.98271534257
1638835200000,"12/7/2021, 12:00:00 AM",kira-network,0.47293029014070753,14688896.570008304,340615.40140894195
1638921600000,"12/8/2021, 12:00:00 AM",kira-network,0.4707625401426895,14595884.24926819,268799.9491265071
1639008000000,"12/9/2021, 12:00:00 AM",kira-network,0.4607421650282619,14312139.392869255,291706.9703499295
1639094400000,"12/10/2021, 12:00:00 AM",kira-network,0.44928030162728017,13983965.517331727,284864.4483261157
1639180800000,"12/11/2021, 12:00:00 AM",kira-network,0.45822099975044844,14233542.08411052,371752.0456259502
1639267200000,"12/12/2021, 12:00:00 AM",kira-network,0.4801133916406037,14892403.280972457,295553.44580308464
1639353600000,"12/13/2021, 12:00:00 AM",kira-network,0.5209085966235116,16159071.980964568,366852.9290442323
1639440000000,"12/14/2021, 12:00:00 AM",kira-network,0.4984888997763631,15459585.943668474,371393.84902774234
1639526400000,"12/15/2021, 12:00:00 AM",kira-network,0.4983489422470112,15471380.83422835,237267.19570064987
1639612800000,"12/16/2021, 12:00:00 AM",kira-network,0.515923898621039,16071466.184526319,293756.8050448041
1639699200000,"12/17/2021, 12:00:00 AM",kira-network,0.5007347324889395,15554129.7577778,314601.38372466405
1639785600000,"12/18/2021, 12:00:00 AM",kira-network,0.477102145083713,14815562.956840396,364302.0471278346
1639872000000,"12/19/2021, 12:00:00 AM",kira-network,0.4927502466070693,15323233.817366282,333068.93512515485
1639958400000,"12/20/2021, 12:00:00 AM",kira-network,0.4761078455022503,14844079.603856307,288479.45395785384
1640044800000,"12/21/2021, 12:00:00 AM",kira-network,0.48188171675348396,14985096.867007833,328136.2125799009
1640131200000,"12/22/2021, 12:00:00 AM",kira-network,0.4990181152341403,15516129.200035073,327364.30313792045
1640217600000,"12/23/2021, 12:00:00 AM",kira-network,0.5005967759302279,15320448.328023473,159765.17224311957
1640304000000,"12/24/2021, 12:00:00 AM",kira-network,0.5039560248047016,15623895.29812315,318775.35479282594
1640390400000,"12/25/2021, 12:00:00 AM",kira-network,0.4863270417549615,15098146.328263259,253227.31908042685
1640476800000,"12/26/2021, 12:00:00 AM",kira-network,0.48954692233431335,15215760.814871525,177709.63162925173
1640563200000,"12/27/2021, 12:00:00 AM",kira-network,0.48120585917895414,14921845.010220274,248000.33691995998
1640649600000,"12/28/2021, 12:00:00 AM",kira-network,0.4701600449648841,14618694.100193731,207425.00543577713
1640736000000,"12/29/2021, 12:00:00 AM",kira-network,0.45724974768762244,14245659.185139174,170393.03718731343
1640822400000,"12/30/2021, 12:00:00 AM",kira-network,0.44910363478916054,13884195.153191663,304045.17206759943
1640908800000,"12/31/2021, 12:00:00 AM",kira-network,0.44878785662136655,13931617.441030404,252431.21253057953
1640970954000,"12/31/2021, 5:15:54 PM",kira-network,0.45834574532960487,14266040.856467262,239424.1864865178
