timestamp,readableTimestamp,coinId,price,marketCap,totalVolume
1608336000000,"12/19/2020, 12:00:00 AM",siacoin,0.003595304527566891,162358837.85530993,4511142.346906915
1608422400000,"12/20/2020, 12:00:00 AM",siacoin,0.00365636222950184,163855517.15001482,8115044.857763672
1608508800000,"12/21/2020, 12:00:00 AM",siacoin,0.0036346617000312105,164463057.81300327,6729776.32108617
1608595200000,"12/22/2020, 12:00:00 AM",siacoin,0.003513889724738577,158812856.9011981,18872058.98991844
1608681600000,"12/23/2020, 12:00:00 AM",siacoin,0.0034102665188133954,154061276.21548223,6588558.864383747
1608768000000,"12/24/2020, 12:00:00 AM",siacoin,0.002882044419152142,133191772.84028621,9896791.44692144
1608854400000,"12/25/2020, 12:00:00 AM",siacoin,0.0032231239170674732,145786396.86222455,4920625.827765947
1608940800000,"12/26/2020, 12:00:00 AM",siacoin,0.003093914664298852,140118614.11641735,5029971.376193668
1609027200000,"12/27/2020, 12:00:00 AM",siacoin,0.0032700017099594088,148005341.19180346,5528544.991519835
1609113600000,"12/28/2020, 12:00:00 AM",siacoin,0.0033339936820434737,150691957.982912,7795047.897736008
1609200000000,"12/29/2020, 12:00:00 AM",siacoin,0.0034504959241488304,153486730.89693618,8822492.046138972
1609286400000,"12/30/2020, 12:00:00 AM",siacoin,0.00316861766843598,143156345.75634062,8515117.005039964
1609372800000,"12/31/2020, 12:00:00 AM",siacoin,0.0033930560678368227,153139177.83178976,14693382.357012833
1609459200000,"1/1/2021, 12:00:00 AM",siacoin,0.003139385143289725,141179548.47531113,12118078.789623715
1609545600000,"1/2/2021, 12:00:00 AM",siacoin,0.003389681313723555,153360548.20685127,12163543.56212765
1609632000000,"1/3/2021, 12:00:00 AM",siacoin,0.004579340455975322,209217010.3993618,124163563.50752693
1609718400000,"1/4/2021, 12:00:00 AM",siacoin,0.004736201400046258,212936129.524127,198142566.5301114
1609804800000,"1/5/2021, 12:00:00 AM",siacoin,0.004305707356304351,195239065.79047224,40035756.623643644
1609891200000,"1/6/2021, 12:00:00 AM",siacoin,0.0042159982400169415,189939978.32497963,23601840.967699748
1609977600000,"1/7/2021, 12:00:00 AM",siacoin,0.004586419545419457,207705834.66178513,40133032.25300905
1610064000000,"1/8/2021, 12:00:00 AM",siacoin,0.004935320157196667,221368558.69644243,47840185.58475507
1610150400000,"1/9/2021, 12:00:00 AM",siacoin,0.0048342146465013055,219164995.9873101,31332643.527656093
1610236800000,"1/10/2021, 12:00:00 AM",siacoin,0.00517176218334614,234575550.02333474,27590651.486721955
1610323200000,"1/11/2021, 12:00:00 AM",siacoin,0.004880946240393479,221018094.8810017,23291687.363680538
1610409600000,"1/12/2021, 12:00:00 AM",siacoin,0.004373449986713266,197922983.77914494,35203736.50868265
1610496000000,"1/13/2021, 12:00:00 AM",siacoin,0.004190946313849493,189105328.00489238,12345473.47608445
1610582400000,"1/14/2021, 12:00:00 AM",siacoin,0.004449230952509687,201545690.67158154,9933818.727468494
1610668800000,"1/15/2021, 12:00:00 AM",siacoin,0.0045536272617923545,203887467.71102196,12781160.179536376
1610755200000,"1/16/2021, 12:00:00 AM",siacoin,0.0045588162108389525,206897728.55268154,11417491.20547757
1610841600000,"1/17/2021, 12:00:00 AM",siacoin,0.004723446649111516,213296065.60956916,11959856.368127583
1610928000000,"1/18/2021, 12:00:00 AM",siacoin,0.004636031906277992,211997380.74353594,19368964.405714713
1611014400000,"1/19/2021, 12:00:00 AM",siacoin,0.004882695016532773,219990411.6292576,15528165.96080795
1611100800000,"1/20/2021, 12:00:00 AM",siacoin,0.0050205709879377015,229483787.49750066,29937595.620546557
1611187200000,"1/21/2021, 12:00:00 AM",siacoin,0.005266536797475623,238672758.70927268,18432432.041724242
1611273600000,"1/22/2021, 12:00:00 AM",siacoin,0.00447708034110792,202962236.50785512,12403559.101580005
1611360000000,"1/23/2021, 12:00:00 AM",siacoin,0.004574246156005896,205767911.77371976,14234730.976454755
1611446400000,"1/24/2021, 12:00:00 AM",siacoin,0.004684803150863052,212803172.75707194,15786167.896226188
1611532800000,"1/25/2021, 12:00:00 AM",siacoin,0.004654129955674569,211102426.35359648,10012932.256029313
1611619200000,"1/26/2021, 12:00:00 AM",siacoin,0.004503132922375043,204189322.23985,12290980.284354301
1611705600000,"1/27/2021, 12:00:00 AM",siacoin,0.004422436263288071,200936698.92557788,5953515.490167689
1611792000000,"1/28/2021, 12:00:00 AM",siacoin,0.004157768514436626,187928794.3798215,8333224.733821945
1611878400000,"1/29/2021, 12:00:00 AM",siacoin,0.005658551270738657,258659339.42583188,147694522.74820107
1611964800000,"1/30/2021, 12:00:00 AM",siacoin,0.007357932249951815,333783352.3231742,466556610.2219787
1612051200000,"1/31/2021, 12:00:00 AM",siacoin,0.006545238419351244,296404738.8794364,101795219.89399329
1612137600000,"2/1/2021, 12:00:00 AM",siacoin,0.007375005233693039,329796344.2316442,104531770.73522966
1612224000000,"2/2/2021, 12:00:00 AM",siacoin,0.007267199538860118,329951654.45402056,80060120.75037241
1612310400000,"2/3/2021, 12:00:00 AM",siacoin,0.008758484963992797,397435925.616261,120460697.78761862
1612396800000,"2/4/2021, 12:00:00 AM",siacoin,0.008774692447832457,413870977.0148436,144493400.9916589
1612483200000,"2/5/2021, 12:00:00 AM",siacoin,0.008562735249445114,403829508.3985187,78344962.77358839
1612569600000,"2/6/2021, 12:00:00 AM",siacoin,0.009237917667957738,432934889.9095819,53575945.95615757
1612656000000,"2/7/2021, 12:00:00 AM",siacoin,0.00843685890443168,397785391.9316582,47131538.66444185
1612742400000,"2/8/2021, 12:00:00 AM",siacoin,0.008252560005389075,390712943.6624756,38651879.71087434
1612828800000,"2/9/2021, 12:00:00 AM",siacoin,0.009047546002521915,421883594.1343732,63814610.271596104
1612915200000,"2/10/2021, 12:00:00 AM",siacoin,0.010154362495008276,477415968.8630724,115753667.03511101
1613001600000,"2/11/2021, 12:00:00 AM",siacoin,0.010390538719819846,492964076.45789784,114921607.51904085
1613088000000,"2/12/2021, 12:00:00 AM",siacoin,0.011286966752045475,531654277.73687345,81414689.22100496
1613174400000,"2/13/2021, 12:00:00 AM",siacoin,0.012954584525393697,603010757.5570886,107547255.4338274
1613260800000,"2/14/2021, 12:00:00 AM",siacoin,0.013538751151506035,638119694.8485198,117939817.63358967
1613347200000,"2/15/2021, 12:00:00 AM",siacoin,0.012751098932829113,598378245.3498762,59186023.332028545
1613433600000,"2/16/2021, 12:00:00 AM",siacoin,0.011820780343481203,555800739.035027,55779104.29492097
1613520000000,"2/17/2021, 12:00:00 AM",siacoin,0.011477206010675728,539690305.4127727,49162638.6970627
1613606400000,"2/18/2021, 12:00:00 AM",siacoin,0.012248743686939961,576073420.3078028,49157324.62463196
1613692800000,"2/19/2021, 12:00:00 AM",siacoin,0.01340610106709661,629240053.6910073,58198984.26942825
1613779200000,"2/20/2021, 12:00:00 AM",siacoin,0.013585616770826146,634950642.4610546,57389635.16487708
1613865600000,"2/21/2021, 12:00:00 AM",siacoin,0.013139542263621202,618084659.3601431,81913519.42877324
1613952000000,"2/22/2021, 12:00:00 AM",siacoin,0.013793193066450707,650726183.7122846,49395332.7697025
1614038400000,"2/23/2021, 12:00:00 AM",siacoin,0.012639555185545373,584354507.0806295,90823786.59459388
1614124800000,"2/24/2021, 12:00:00 AM",siacoin,0.01052833125160478,494248287.95934105,88069401.44007815
1614211200000,"2/25/2021, 12:00:00 AM",siacoin,0.010889926602246865,512200268.2671403,104489781.19058746
1614297600000,"2/26/2021, 12:00:00 AM",siacoin,0.01022660587299134,481281201.9478097,40208379.340360045
1614384000000,"2/27/2021, 12:00:00 AM",siacoin,0.009941146972559677,461235406.6056977,42059383.367023565
1614470400000,"2/28/2021, 12:00:00 AM",siacoin,0.010202435252441397,476039096.5556541,33759375.35378958
1614556800000,"3/1/2021, 12:00:00 AM",siacoin,0.009695688406382505,453421641.7121962,49873554.08096859
1614643200000,"3/2/2021, 12:00:00 AM",siacoin,0.010266084232139074,483821818.47911006,26812341.229824763
1614729600000,"3/3/2021, 12:00:00 AM",siacoin,0.010145115584128388,478797296.10921156,22160178.758120395
1614816000000,"3/4/2021, 12:00:00 AM",siacoin,0.010734710605725123,506795468.6882494,36428993.75079946
1614902400000,"3/5/2021, 12:00:00 AM",siacoin,0.01049665781835888,491553888.91288465,29255403.81269049
1614988800000,"3/6/2021, 12:00:00 AM",siacoin,0.01066526805052905,502483931.1608947,27598199.834406205
1615075200000,"3/7/2021, 12:00:00 AM",siacoin,0.01067941475275425,505732527.9783911,33578263.55997768
1615161600000,"3/8/2021, 12:00:00 AM",siacoin,0.010951024073366405,515705943.09275985,18234133.88687879
1615248000000,"3/9/2021, 12:00:00 AM",siacoin,0.01133839414515592,535887723.5084463,39580321.027046844
1615334400000,"3/10/2021, 12:00:00 AM",siacoin,0.012073415962127389,570411495.1176193,32226893.883452177
1615420800000,"3/11/2021, 12:00:00 AM",siacoin,0.012163202987430212,572336072.5037819,60319833.447556145
1615507200000,"3/12/2021, 12:00:00 AM",siacoin,0.012018123545637268,559515649.1452979,37569638.24319085
1615593600000,"3/13/2021, 12:00:00 AM",siacoin,0.011841763865658633,562021821.1392032,45554926.988897756
1615680000000,"3/14/2021, 12:00:00 AM",siacoin,0.013561933100299432,640570902.0357463,122478625.59829904
1615766400000,"3/15/2021, 12:00:00 AM",siacoin,0.01458281486904526,692718813.1095438,192389411.23955637
1615852800000,"3/16/2021, 12:00:00 AM",siacoin,0.01902905650351984,899519961.0552584,529397830.74640524
1615939200000,"3/17/2021, 12:00:00 AM",siacoin,0.018231002148479097,858810902.5284925,537051044.2635367
1616025600000,"3/18/2021, 12:00:00 AM",siacoin,0.02071706733753585,973006447.1076167,296312915.6150888
1616112000000,"3/19/2021, 12:00:00 AM",siacoin,0.022708673575287667,1084970500.3464873,239402805.49052027
1616198400000,"3/20/2021, 12:00:00 AM",siacoin,0.024807629885780377,1173121683.7230475,299148432.076964
1616284800000,"3/21/2021, 12:00:00 AM",siacoin,0.023157093435190658,1124686936.9493084,515885135.3375568
1616371200000,"3/22/2021, 12:00:00 AM",siacoin,0.024996973654620835,1183767807.5469873,247413932.8316478
1616457600000,"3/23/2021, 12:00:00 AM",siacoin,0.0219201199080457,1043081541.8230398,234727705.51535562
1616544000000,"3/24/2021, 12:00:00 AM",siacoin,0.022330605946765242,1056321255.6559335,229473965.37336344
1616630400000,"3/25/2021, 12:00:00 AM",siacoin,0.019746962066846827,934218408.2274384,132465783.34723401
1616716800000,"3/26/2021, 12:00:00 AM",siacoin,0.0190672184657516,901054020.1129619,126005104.16086465
1616803200000,"3/27/2021, 12:00:00 AM",siacoin,0.021463775454323826,1014616858.2670493,149752913.45808518
1616889600000,"3/28/2021, 12:00:00 AM",siacoin,0.023554893180586782,1127228945.8659716,215651117.43245193
1616976000000,"3/29/2021, 12:00:00 AM",siacoin,0.02532936230337037,1198767922.2508817,441772956.2478465
1617062400000,"3/30/2021, 12:00:00 AM",siacoin,0.025394762524525466,1201911184.6433349,235879797.69284827
1617148800000,"3/31/2021, 12:00:00 AM",siacoin,0.025679047497481518,1214255957.6860497,191265224.65790382
1617235200000,"4/1/2021, 12:00:00 AM",siacoin,0.02631203644615414,1258276123.2240906,213172306.44552147
1617321600000,"4/2/2021, 12:00:00 AM",siacoin,0.029300810762873962,1387228279.5534332,425194665.31879264
1617408000000,"4/3/2021, 12:00:00 AM",siacoin,0.031406347805568294,1489001661.7899792,418420625.95211005
1617494400000,"4/4/2021, 12:00:00 AM",siacoin,0.02703468556858824,1287458553.9264135,254742155.01769635
1617580800000,"4/5/2021, 12:00:00 AM",siacoin,0.030101939779778365,1431978686.6162574,235250182.57942018
1617667200000,"4/6/2021, 12:00:00 AM",siacoin,0.03387604291671646,1616684911.6455736,1042258509.8821335
1617753600000,"4/7/2021, 12:00:00 AM",siacoin,0.03083859875578973,1468249723.7421546,389759928.8775799
1617840000000,"4/8/2021, 12:00:00 AM",siacoin,0.026841006280890065,1282327738.950222,376094668.55766094
1617926400000,"4/9/2021, 12:00:00 AM",siacoin,0.03029084788712122,1433910341.9232097,269462389.1775098
1618012800000,"4/10/2021, 12:00:00 AM",siacoin,0.0310114440335799,1469666675.957463,203498236.88059518
1618099200000,"4/11/2021, 12:00:00 AM",siacoin,0.02858661600085645,1356050751.0312138,209824279.33165473
1618185600000,"4/12/2021, 12:00:00 AM",siacoin,0.028246199745446652,1342948609.0068433,202460373.67729175
1618272000000,"4/13/2021, 12:00:00 AM",siacoin,0.026641368522914686,1264305320.9456496,145131391.2030323
1618358400000,"4/14/2021, 12:00:00 AM",siacoin,0.02866080768735494,1363664295.8945868,266707529.48582923
1618444800000,"4/15/2021, 12:00:00 AM",siacoin,0.03431120926405832,1621834966.1512988,1428290932.9540443
1618531200000,"4/16/2021, 12:00:00 AM",siacoin,0.0335963567194724,1594301302.3590732,431938455.5734024
1618617600000,"4/17/2021, 12:00:00 AM",siacoin,0.044509746519918306,2072057969.1060302,1946382337.7662258
1618704000000,"4/18/2021, 12:00:00 AM",siacoin,0.055805541143854435,2692759940.298641,4435595719.39473
1618790400000,"4/19/2021, 12:00:00 AM",siacoin,0.05069027969340188,2448557565.153979,1665515514.9482286
1618876800000,"4/20/2021, 12:00:00 AM",siacoin,0.045620404466758885,2173527525.4476404,878770103.2207172
1618963200000,"4/21/2021, 12:00:00 AM",siacoin,0.0457917026193612,2186303716.748873,1039581946.9367903
1619049600000,"4/22/2021, 12:00:00 AM",siacoin,0.04336970533343909,2079758288.5187008,643446106.5885588
1619136000000,"4/23/2021, 12:00:00 AM",siacoin,0.03531012127878246,1691506920.4267082,582636554.515458
1619222400000,"4/24/2021, 12:00:00 AM",siacoin,0.034741050795787015,1615622996.324469,739882486.4820317
1619308800000,"4/25/2021, 12:00:00 AM",siacoin,0.03168369211314451,1517231324.3420074,362408987.85870945
1619395200000,"4/26/2021, 12:00:00 AM",siacoin,0.031199444968903596,1484467251.6620607,364600831.89176023
1619481600000,"4/27/2021, 12:00:00 AM",siacoin,0.03729241543490113,1743347766.6329007,397492744.54424614
1619568000000,"4/28/2021, 12:00:00 AM",siacoin,0.04185754857561318,1988398603.3013706,610294636.5318953
1619654400000,"4/29/2021, 12:00:00 AM",siacoin,0.03974459146791797,1890913437.2573998,432758960.2932507
1619740800000,"4/30/2021, 12:00:00 AM",siacoin,0.03824278420936801,1820206043.0100534,225674387.27086484
1619827200000,"5/1/2021, 12:00:00 AM",siacoin,0.041142761931449716,1946782754.4090211,229648701.6748617
1619913600000,"5/2/2021, 12:00:00 AM",siacoin,0.040380183515991895,1926972757.698089,233664739.96492058
1620000000000,"5/3/2021, 12:00:00 AM",siacoin,0.042543424109618484,2028242162.9024477,443361970.1360743
1620086400000,"5/4/2021, 12:00:00 AM",siacoin,0.04156584506581893,1982907806.6517415,253608428.71589094
1620172800000,"5/5/2021, 12:00:00 AM",siacoin,0.03650250995989813,1751082026.9465034,321509462.14611346
1620259200000,"5/6/2021, 12:00:00 AM",siacoin,0.04151801092867733,1970632103.935396,714420736.1595137
1620345600000,"5/7/2021, 12:00:00 AM",siacoin,0.04198825473036702,2006038018.2570136,460729112.3271637
1620432000000,"5/8/2021, 12:00:00 AM",siacoin,0.042991335580181644,2054696905.1330063,465007238.43832535
1620518400000,"5/9/2021, 12:00:00 AM",siacoin,0.04101343239934257,1955182683.0559616,236760741.87124655
1620604800000,"5/10/2021, 12:00:00 AM",siacoin,0.03985727687481943,1908306876.875379,229904288.0103245
1620691200000,"5/11/2021, 12:00:00 AM",siacoin,0.03526317472793253,1693558860.182696,260591655.01120913
1620777600000,"5/12/2021, 12:00:00 AM",siacoin,0.03805464963317472,1822374358.550509,250491414.54256627
1620864000000,"5/13/2021, 12:00:00 AM",siacoin,0.031015173591871458,1548562036.2283962,173726752.54809514
1620950400000,"5/14/2021, 12:00:00 AM",siacoin,0.03104177160763014,1469706034.1278224,237567301.29099867
1621036800000,"5/15/2021, 12:00:00 AM",siacoin,0.03284701681034519,1568926315.6143734,116277919.1845164
1621123200000,"5/16/2021, 12:00:00 AM",siacoin,0.029647043111681638,1415663192.5115266,119691424.88963065
1621209600000,"5/17/2021, 12:00:00 AM",siacoin,0.02952100465989818,1411177677.6497595,131479162.7270806
1621296000000,"5/18/2021, 12:00:00 AM",siacoin,0.02669582214049658,1280776081.2646356,140371172.45268098
1621382400000,"5/19/2021, 12:00:00 AM",siacoin,0.027347813916488786,1299369622.2672393,117844912.5884856
1621468800000,"5/20/2021, 12:00:00 AM",siacoin,0.01829814286219386,886851689.3589718,281437169.1355277
1621555200000,"5/21/2021, 12:00:00 AM",siacoin,0.020594822474690383,980804340.2381438,167594081.8741012
1621641600000,"5/22/2021, 12:00:00 AM",siacoin,0.020146800506302014,963483764.8349645,208894285.81812203
1621728000000,"5/23/2021, 12:00:00 AM",siacoin,0.019580119687572728,936464356.2340456,141789299.69509202
1621814400000,"5/24/2021, 12:00:00 AM",siacoin,0.015382611870942286,732464029.5966787,151815476.1009564
1621900800000,"5/25/2021, 12:00:00 AM",siacoin,0.018015153213557306,860129684.5582547,156573185.2580336
1621987200000,"5/26/2021, 12:00:00 AM",siacoin,0.01773254578371899,851730871.2901706,129078325.27163354
1622073600000,"5/27/2021, 12:00:00 AM",siacoin,0.021220397514300406,1017379780.7901461,322649392.2916025
1622160000000,"5/28/2021, 12:00:00 AM",siacoin,0.019194909965270106,920628071.0871156,105101544.3622278
1622246400000,"5/29/2021, 12:00:00 AM",siacoin,0.016996086542642598,813311944.7359893,105586369.98114882
1622332800000,"5/30/2021, 12:00:00 AM",siacoin,0.01650984195464003,793376389.7752571,70297602.92809778
1622419200000,"5/31/2021, 12:00:00 AM",siacoin,0.01722501775893002,823688593.6794714,65845346.46793018
1622505600000,"6/1/2021, 12:00:00 AM",siacoin,0.017967087840444016,858708571.282322,66695788.44616098
1622592000000,"6/2/2021, 12:00:00 AM",siacoin,0.01731813426406282,829808793.7234081,60835384.62258798
1622678400000,"6/3/2021, 12:00:00 AM",siacoin,0.01772760794837951,847776676.2591535,53694498.88832631
1622764800000,"6/4/2021, 12:00:00 AM",siacoin,0.01888967446961641,904542060.866305,67413461.24709074
1622851200000,"6/5/2021, 12:00:00 AM",siacoin,0.01871627010939978,896199864.7139906,132737336.56238088
1622937600000,"6/6/2021, 12:00:00 AM",siacoin,0.018423224390332525,881926207.6703792,164489464.26878917
1623024000000,"6/7/2021, 12:00:00 AM",siacoin,0.018905623292369843,907897846.8169751,104568323.5759705
1623110400000,"6/8/2021, 12:00:00 AM",siacoin,0.016460641744211496,800132416.1302669,89783395.41579923
1623196800000,"6/9/2021, 12:00:00 AM",siacoin,0.016202042160977474,780469990.8212323,98667474.60622838
1623283200000,"6/10/2021, 12:00:00 AM",siacoin,0.01684447721267437,811298325.4043145,89310749.90298189
1623369600000,"6/11/2021, 12:00:00 AM",siacoin,0.016494638937297135,793662484.4876013,101324389.22823103
1623456000000,"6/12/2021, 12:00:00 AM",siacoin,0.015533510166645514,742359320.808787,67893945.52157931
1623542400000,"6/13/2021, 12:00:00 AM",siacoin,0.015053609086903738,727809581.3781185,63749339.14578437
1623628800000,"6/14/2021, 12:00:00 AM",siacoin,0.015790610520622916,758803655.9721185,49961492.25832915
1623715200000,"6/15/2021, 12:00:00 AM",siacoin,0.016233243189040188,780141178.3234748,60591391.456625655
1623801600000,"6/16/2021, 12:00:00 AM",siacoin,0.016126769051814798,775087112.5498354,42021367.125048205
1623888000000,"6/17/2021, 12:00:00 AM",siacoin,0.015183381756939628,729813309.8073881,39093463.07423055
1623974400000,"6/18/2021, 12:00:00 AM",siacoin,0.015050644347561223,720138611.1688544,33963220.83686781
1624060800000,"6/19/2021, 12:00:00 AM",siacoin,0.014225580848916177,683704852.3590301,84921867.21231985
1624147200000,"6/20/2021, 12:00:00 AM",siacoin,0.013495150802974979,648809834.8601841,44711828.90792221
1624233600000,"6/21/2021, 12:00:00 AM",siacoin,0.013385625564316238,641272395.015837,55174901.22333723
1624320000000,"6/22/2021, 12:00:00 AM",siacoin,0.010035342220686944,485202810.5251326,73570092.56755711
1624406400000,"6/23/2021, 12:00:00 AM",siacoin,0.009351909470728325,446460712.93428993,102775192.34357338
1624492800000,"6/24/2021, 12:00:00 AM",siacoin,0.010426794701662283,501281414.0900409,64194277.32627844
1624579200000,"6/25/2021, 12:00:00 AM",siacoin,0.01162112194405507,561286321.2509551,66248226.63172724
1624665600000,"6/26/2021, 12:00:00 AM",siacoin,0.010872199099605842,523586900.4477565,85295741.9252376
1624752000000,"6/27/2021, 12:00:00 AM",siacoin,0.01084860815836641,520649495.80184126,44997333.54991557
1624838400000,"6/28/2021, 12:00:00 AM",siacoin,0.01128340853523664,543835801.4574949,34079147.854553424
1624924800000,"6/29/2021, 12:00:00 AM",siacoin,0.012188880497798621,585669003.0847608,78376286.76005118
1625011200000,"6/30/2021, 12:00:00 AM",siacoin,0.01300598597825122,624232338.7593042,78308975.78666501
1625097600000,"7/1/2021, 12:00:00 AM",siacoin,0.01333133476516676,640668197.272578,64151098.24670119
1625184000000,"7/2/2021, 12:00:00 AM",siacoin,0.013177648412568639,631472754.9927758,63384070.26703992
1625270400000,"7/3/2021, 12:00:00 AM",siacoin,0.01341792984065318,642766696.7296962,59819188.641142674
1625356800000,"7/4/2021, 12:00:00 AM",siacoin,0.013905051205910922,665197090.7271947,58773021.872844465
1625443200000,"7/5/2021, 12:00:00 AM",siacoin,0.014117987263241276,680475845.1256962,75060482.6660668
1625529600000,"7/6/2021, 12:00:00 AM",siacoin,0.013629286342945282,656180449.7928541,68935941.11189117
1625616000000,"7/7/2021, 12:00:00 AM",siacoin,0.013980267770131536,673669019.8204805,69654881.61676908
1625702400000,"7/8/2021, 12:00:00 AM",siacoin,0.014258035553217495,689847344.287193,78460185.78930776
1625788800000,"7/9/2021, 12:00:00 AM",siacoin,0.013396087458774597,645590108.4066951,91554667.94673611
1625875200000,"7/10/2021, 12:00:00 AM",siacoin,0.013392045170765579,644702795.4239609,53111406.32362734
1625961600000,"7/11/2021, 12:00:00 AM",siacoin,0.012953781464964844,626791940.1350174,30403056.31099517
1626048000000,"7/12/2021, 12:00:00 AM",siacoin,0.013172536585805625,636910860.8441689,31341812.85651464
1626134400000,"7/13/2021, 12:00:00 AM",siacoin,0.012814899307357583,618636841.1595567,30361217.44869954
1626220800000,"7/14/2021, 12:00:00 AM",siacoin,0.012213891474497416,592212602.9045373,31405710.82233924
1626307200000,"7/15/2021, 12:00:00 AM",siacoin,0.011832153039350785,570365461.6216626,39244091.558959626
1626393600000,"7/16/2021, 12:00:00 AM",siacoin,0.01132240711637094,549499090.1344059,36377379.86591682
1626480000000,"7/17/2021, 12:00:00 AM",siacoin,0.010835364413575053,523706395.5853949,27414723.272756252
1626566400000,"7/18/2021, 12:00:00 AM",siacoin,0.011045602427473574,533503155.0668987,30078284.001522005
1626652800000,"7/19/2021, 12:00:00 AM",siacoin,0.011356169368343333,549204010.0244327,30615472.40451864
1626739200000,"7/20/2021, 12:00:00 AM",siacoin,0.010825410820448985,525511453.38192075,38084438.692089684
1626825600000,"7/21/2021, 12:00:00 AM",siacoin,0.009807556835481308,474771643.3256496,50700029.086897016
1626912000000,"7/22/2021, 12:00:00 AM",siacoin,0.010718525319624816,517141543.79558766,52765207.72303261
1626998400000,"7/23/2021, 12:00:00 AM",siacoin,0.010858453918298745,523462825.6053914,43067478.85215985
1627084800000,"7/24/2021, 12:00:00 AM",siacoin,0.011122187820379995,536933190.8586395,36611528.30056636
1627171200000,"7/25/2021, 12:00:00 AM",siacoin,0.011307901442474816,546493791.9935117,31482937.623620875
1627257600000,"7/26/2021, 12:00:00 AM",siacoin,0.011675611417259061,564236613.9706395,41836299.868746445
1627344000000,"7/27/2021, 12:00:00 AM",siacoin,0.011978198766533613,582802942.5083302,70068485.45186771
1627430400000,"7/28/2021, 12:00:00 AM",siacoin,0.01234868307564825,593254643.8206761,47008617.97593034
1627516800000,"7/29/2021, 12:00:00 AM",siacoin,0.012721279482240215,615500354.594972,61999979.61480188
1627603200000,"7/30/2021, 12:00:00 AM",siacoin,0.013470182844923956,652406987.6002896,53386933.46373527
1627689600000,"7/31/2021, 12:00:00 AM",siacoin,0.014018494176484337,681172154.7814721,71279066.04057062
1627776000000,"8/1/2021, 12:00:00 AM",siacoin,0.015229906093736282,739787419.1517612,69923662.85320145
1627862400000,"8/2/2021, 12:00:00 AM",siacoin,0.0160235479652055,768852246.2821059,505480639.04653245
1627948800000,"8/3/2021, 12:00:00 AM",siacoin,0.015983479726335174,773604814.211547,124830587.5696743
1628035200000,"8/4/2021, 12:00:00 AM",siacoin,0.01522054734057423,737741472.3310692,68760332.0289705
1628121600000,"8/5/2021, 12:00:00 AM",siacoin,0.01588738811896406,767428199.112293,67626492.48164286
1628208000000,"8/6/2021, 12:00:00 AM",siacoin,0.016216504358849883,787502867.7000483,60435750.29056707
1628294400000,"8/7/2021, 12:00:00 AM",siacoin,0.0173345008524629,841997898.0008721,69169514.8577739
1628380800000,"8/8/2021, 12:00:00 AM",siacoin,0.017493949387269437,849017092.8386285,84959940.11530724
1628467200000,"8/9/2021, 12:00:00 AM",siacoin,0.016387414922050734,797934974.5299253,62022232.58785292
1628553600000,"8/10/2021, 12:00:00 AM",siacoin,0.0169523350936339,811361340.0302461,57190808.003695935
1628640000000,"8/11/2021, 12:00:00 AM",siacoin,0.0172026430072786,834724040.6356454,70106466.11685084
1628726400000,"8/12/2021, 12:00:00 AM",siacoin,0.018132977489934088,878961834.5222678,129358008.61863169
1628812800000,"8/13/2021, 12:00:00 AM",siacoin,0.01762745375595539,855073797.275598,99260141.59023306
1628899200000,"8/14/2021, 12:00:00 AM",siacoin,0.019006002883923973,919605671.3875861,99538086.0842809
1628985600000,"8/15/2021, 12:00:00 AM",siacoin,0.01945715981463145,945614739.4426005,92344613.26595159
1629072000000,"8/16/2021, 12:00:00 AM",siacoin,0.019580931223580924,949872329.3193742,63198812.990580335
1629158400000,"8/17/2021, 12:00:00 AM",siacoin,0.01963301887011268,951834277.1036695,123403269.61304805
1629244800000,"8/18/2021, 12:00:00 AM",siacoin,0.017905562824965415,876111925.7040071,96142475.18059143
1629331200000,"8/19/2021, 12:00:00 AM",siacoin,0.017599449304072572,855367291.1123303,79525464.3862884
1629417600000,"8/20/2021, 12:00:00 AM",siacoin,0.017983517466466606,859045732.0121977,61540246.49853412
1629504000000,"8/21/2021, 12:00:00 AM",siacoin,0.018959389085431648,920633639.5280387,66741332.81715518
1629590400000,"8/22/2021, 12:00:00 AM",siacoin,0.018640163111811332,909463927.6676145,54441316.881293625
1629676800000,"8/23/2021, 12:00:00 AM",siacoin,0.019312525780754868,939868779.2930714,58985243.82504075
1629763200000,"8/24/2021, 12:00:00 AM",siacoin,0.020731107272431933,1008032158.714212,147109200.5019018
1629849600000,"8/25/2021, 12:00:00 AM",siacoin,0.020526417772636328,1007718483.0312202,249255977.15286756
1629936000000,"8/26/2021, 12:00:00 AM",siacoin,0.022285636639924108,1084254115.2892988,206449268.18135777
1630022400000,"8/27/2021, 12:00:00 AM",siacoin,0.021363916927197576,1045511572.129406,139845453.64427742
1630108800000,"8/28/2021, 12:00:00 AM",siacoin,0.021983716654925826,1067094056.246932,98349977.11740781
1630195200000,"8/29/2021, 12:00:00 AM",siacoin,0.021292128092901836,1031037625.3786346,52149291.00280091
1630281600000,"8/30/2021, 12:00:00 AM",siacoin,0.02093169937084773,1017178663.4446802,79878052.30015643
1630368000000,"8/31/2021, 12:00:00 AM",siacoin,0.019436881064607756,946393246.3971094,73905068.03200845
1630454400000,"9/1/2021, 12:00:00 AM",siacoin,0.01982167339352593,964442796.6904252,84310868.66898826
1630540800000,"9/2/2021, 12:00:00 AM",siacoin,0.020784104113822945,1009477419.1964968,88338257.68742242
1630627200000,"9/3/2021, 12:00:00 AM",siacoin,0.020697607863002822,1006900750.2619517,79550776.52543564
1630713600000,"9/4/2021, 12:00:00 AM",siacoin,0.021402906372102175,1041704601.5451999,97831917.71401754
1630800000000,"9/5/2021, 12:00:00 AM",siacoin,0.023848801072545216,1166424958.5783172,155298384.34735367
1630886400000,"9/6/2021, 12:00:00 AM",siacoin,0.024466072984319794,1187443484.496888,385090424.50457615
1630972800000,"9/7/2021, 12:00:00 AM",siacoin,0.024531212167095185,1196527226.9445338,180812702.04556534
1631059200000,"9/8/2021, 12:00:00 AM",siacoin,0.01958904793071292,952682532.1320205,187711081.06065634
1631145600000,"9/9/2021, 12:00:00 AM",siacoin,0.01920799193393003,940017599.358849,132690037.18963076
1631232000000,"9/10/2021, 12:00:00 AM",siacoin,0.020209440112164852,988874679.9247822,109878782.45166111
1631318400000,"9/11/2021, 12:00:00 AM",siacoin,0.018367680284643546,893819135.7908034,85076742.87726815
1631404800000,"9/12/2021, 12:00:00 AM",siacoin,0.018600033143348085,908415636.8504452,55503257.44322545
1631491200000,"9/13/2021, 12:00:00 AM",siacoin,0.01975322396640191,967487282.936115,77274948.17649417
1631577600000,"9/14/2021, 12:00:00 AM",siacoin,0.018367981833133606,895049694.591811,72503500.83625346
1631664000000,"9/15/2021, 12:00:00 AM",siacoin,0.018910547359538555,923576367.6371424,56406719.57197499
1631750400000,"9/16/2021, 12:00:00 AM",siacoin,0.01950251272766444,952764542.8525002,47726164.88943634
1631836800000,"9/17/2021, 12:00:00 AM",siacoin,0.019042634647845443,929451190.5484308,51209760.70184782
1631923200000,"9/18/2021, 12:00:00 AM",siacoin,0.01834589937647648,897417368.265038,52858966.93940235
1632009600000,"9/19/2021, 12:00:00 AM",siacoin,0.019061699299271536,932626916.1635251,51214184.82517002
1632096000000,"9/20/2021, 12:00:00 AM",siacoin,0.01821031811728372,889951084.6659281,42509572.08141586
1632182400000,"9/21/2021, 12:00:00 AM",siacoin,0.015506104908412581,754636810.545801,83150686.23721813
1632268800000,"9/22/2021, 12:00:00 AM",siacoin,0.014358271634896528,699286821.7325016,56969130.6781391
1632355200000,"9/23/2021, 12:00:00 AM",siacoin,0.01614060283814889,787366068.0653113,45060791.12572321
1632441600000,"9/24/2021, 12:00:00 AM",siacoin,0.016448691119144036,800206923.6082753,40690524.94262958
1632528000000,"9/25/2021, 12:00:00 AM",siacoin,0.014981802078928037,745846424.3436146,52972409.74921143
1632614400000,"9/26/2021, 12:00:00 AM",siacoin,0.01493137475850701,728024386.2529167,37471096.81621407
1632700800000,"9/27/2021, 12:00:00 AM",siacoin,0.015140972009650318,740260048.1599106,59752172.472669855
1632787200000,"9/28/2021, 12:00:00 AM",siacoin,0.01426403249051554,701475245.0631106,41421031.576561555
1632873600000,"9/29/2021, 12:00:00 AM",siacoin,0.013382127764311231,656786474.1440858,39532901.251448594
1632960000000,"9/30/2021, 12:00:00 AM",siacoin,0.013788170519048706,672311261.2768142,43810675.78757075
1633046400000,"10/1/2021, 12:00:00 AM",siacoin,0.01463108043763149,715799895.5746957,48989384.599863335
1633132800000,"10/2/2021, 12:00:00 AM",siacoin,0.01613469046516895,791233515.1190604,51696395.799879745
1633219200000,"10/3/2021, 12:00:00 AM",siacoin,0.016213616559620316,792375343.2840255,31326876.825296517
1633305600000,"10/4/2021, 12:00:00 AM",siacoin,0.0167037505431763,819474367.9722053,35704778.5779179
1633392000000,"10/5/2021, 12:00:00 AM",siacoin,0.01625725568596094,796483937.6148732,34711129.13004752
1633478400000,"10/6/2021, 12:00:00 AM",siacoin,0.018461933571279166,910307933.1275209,161203035.80256754
1633564800000,"10/7/2021, 12:00:00 AM",siacoin,0.019120270831090972,935255523.1598309,456802878.3420764
1633651200000,"10/8/2021, 12:00:00 AM",siacoin,0.018634853744375464,914607846.026551,69311370.71792394
1633737600000,"10/9/2021, 12:00:00 AM",siacoin,0.020302228675172004,992193261.3988101,146207181.33247706
1633824000000,"10/10/2021, 12:00:00 AM",siacoin,0.02075523210289947,1014456973.3941027,161061145.5743841
1633910400000,"10/11/2021, 12:00:00 AM",siacoin,0.0198059849757469,972038963.4606403,54476384.51649642
1633996800000,"10/12/2021, 12:00:00 AM",siacoin,0.019223715973707003,936251008.4847933,45884485.5805676
1634083200000,"10/13/2021, 12:00:00 AM",siacoin,0.018210582256335185,894184842.0829648,57204968.96147384
1634169600000,"10/14/2021, 12:00:00 AM",siacoin,0.018966641872843176,931819035.3997152,41593431.61269327
1634256000000,"10/15/2021, 12:00:00 AM",siacoin,0.018995127663425277,931714660.1382219,33595016.50869425
1634342400000,"10/16/2021, 12:00:00 AM",siacoin,0.01888910130828001,929132628.7011892,139528557.4973693
1634428800000,"10/17/2021, 12:00:00 AM",siacoin,0.01847529910692476,907250332.3825114,36224648.88607915
1634515200000,"10/18/2021, 12:00:00 AM",siacoin,0.017935637100004474,878197930.4621953,31229464.688645393
1634601600000,"10/19/2021, 12:00:00 AM",siacoin,0.018593879240225233,915143887.3697772,54547580.0495438
1634688000000,"10/20/2021, 12:00:00 AM",siacoin,0.018534545107913827,908133074.5686679,38400265.65557061
1634774400000,"10/21/2021, 12:00:00 AM",siacoin,0.01913214346727043,941356182.8034109,44355904.1655061
1634860800000,"10/22/2021, 12:00:00 AM",siacoin,0.018482139548759945,909978588.0665947,39917200.27256693
1634947200000,"10/23/2021, 12:00:00 AM",siacoin,0.018842392794688283,922829102.3913394,29784008.2132462
1635033600000,"10/24/2021, 12:00:00 AM",siacoin,0.01890019274885823,924290532.7802848,18131900.55373397
1635120000000,"10/25/2021, 12:00:00 AM",siacoin,0.018346723394336507,901972685.3837692,34979438.73442926
1635206400000,"10/26/2021, 12:00:00 AM",siacoin,0.01919427939137602,944744761.7280314,41387932.35730614
1635292800000,"10/27/2021, 12:00:00 AM",siacoin,0.018833335492984944,928139271.233072,48017686.804294355
1635379200000,"10/28/2021, 12:00:00 AM",siacoin,0.016658351139712507,819789535.3645365,59201522.89836099
1635465600000,"10/29/2021, 12:00:00 AM",siacoin,0.017553836960411608,858424209.6226158,34650159.64050119
1635552000000,"10/30/2021, 12:00:00 AM",siacoin,0.018556034451983137,910313758.3365867,44592591.94877926
1635638400000,"10/31/2021, 12:00:00 AM",siacoin,0.018728333299238713,918548913.983538,43826671.24445687
1635724800000,"11/1/2021, 12:00:00 AM",siacoin,0.02049796179770292,1019568489.0944576,533049626.04255456
1635811200000,"11/2/2021, 12:00:00 AM",siacoin,0.020169442914398043,991755341.5328715,110200436.60220037
1635897600000,"11/3/2021, 12:00:00 AM",siacoin,0.0214861202980656,1055139359.8971514,120836290.60271993
1635984000000,"11/4/2021, 12:00:00 AM",siacoin,0.02095677081025542,1028974784.107223,71811348.89839761
1636070400000,"11/5/2021, 12:00:00 AM",siacoin,0.020207251550340845,998550033.4725294,51696479.78426191
1636156800000,"11/6/2021, 12:00:00 AM",siacoin,0.019899075301586265,974141609.126191,42765331.41732111
1636243200000,"11/7/2021, 12:00:00 AM",siacoin,0.019825973997158065,972094265.5906714,33627341.3984105
1636329600000,"11/8/2021, 12:00:00 AM",siacoin,0.020024837005516622,989809732.5894035,46883633.01148382
1636416000000,"11/9/2021, 12:00:00 AM",siacoin,0.021219943375519364,1051401035.2823246,141480093.8971647
1636502400000,"11/10/2021, 12:00:00 AM",siacoin,0.02132841891935858,1056132886.1667584,79875734.94827309
1636588800000,"11/11/2021, 12:00:00 AM",siacoin,0.0197902101750626,971819906.2976397,78493321.3934468
1636675200000,"11/12/2021, 12:00:00 AM",siacoin,0.01998110840968752,986342496.1041932,56793768.65176549
1636761600000,"11/13/2021, 12:00:00 AM",siacoin,0.01988509523376224,979400268.0068315,63166485.93407367
1636848000000,"11/14/2021, 12:00:00 AM",siacoin,0.02010270928344011,993795250.3287226,50265350.811327435
1636934400000,"11/15/2021, 12:00:00 AM",siacoin,0.020065816982612627,986219332.0602225,34829081.82143279
1637020800000,"11/16/2021, 12:00:00 AM",siacoin,0.020147946462780012,994731088.1794827,62333709.12608684
1637107200000,"11/17/2021, 12:00:00 AM",siacoin,0.01878518026183111,927691944.4194317,83765750.10328119
1637193600000,"11/18/2021, 12:00:00 AM",siacoin,0.020177443953533797,994468275.6930039,91076578.82379737
1637280000000,"11/19/2021, 12:00:00 AM",siacoin,0.019207996902046418,948749906.8612763,255928406.2447916
1637366400000,"11/20/2021, 12:00:00 AM",siacoin,0.021084036103343518,1034003621.5699149,108565519.15230593
1637452800000,"11/21/2021, 12:00:00 AM",siacoin,0.021942648455003426,1083768831.5515697,97623245.23471498
1637539200000,"11/22/2021, 12:00:00 AM",siacoin,0.02281209401479874,1135018401.803151,102853644.90598445
1637625600000,"11/23/2021, 12:00:00 AM",siacoin,0.021067648042293004,1042516707.8650721,88835030.64318295
1637712000000,"11/24/2021, 12:00:00 AM",siacoin,0.02066238332002841,1021043965.8772793,64501994.842585295
1637798400000,"11/25/2021, 12:00:00 AM",siacoin,0.02052497500648401,1010832106.2332616,79638229.21470046
1637884800000,"11/26/2021, 12:00:00 AM",siacoin,0.022381418334982722,1106176422.110894,121761792.63351397
1637971200000,"11/27/2021, 12:00:00 AM",siacoin,0.02645784067310886,1267697066.7673674,713140167.8324671
1638057600000,"11/28/2021, 12:00:00 AM",siacoin,0.027029682914696946,1338985730.3229713,557121727.400356
1638144000000,"11/29/2021, 12:00:00 AM",siacoin,0.025084928740889117,1240102174.549262,237743361.7791698
1638230400000,"11/30/2021, 12:00:00 AM",siacoin,0.026393380144587992,1304917615.0996885,186669515.16681623
1638316800000,"12/1/2021, 12:00:00 AM",siacoin,0.023894647658517638,1186067693.0861225,112727089.57251944
1638403200000,"12/2/2021, 12:00:00 AM",siacoin,0.023263270744937573,1150356990.3854365,76840072.0628781
1638489600000,"12/3/2021, 12:00:00 AM",siacoin,0.02441097796819598,1207227705.6776645,117517282.28967291
1638576000000,"12/4/2021, 12:00:00 AM",siacoin,0.021560040277503245,1066338786.686443,87536366.4456516
1638662400000,"12/5/2021, 12:00:00 AM",siacoin,0.018147831015999052,901281824.0738747,173599464.20214105
1638748800000,"12/6/2021, 12:00:00 AM",siacoin,0.017398308037547355,862939985.2274144,79405915.17834683
1638835200000,"12/7/2021, 12:00:00 AM",siacoin,0.017727885443205586,881259400.5108632,86588434.27441075
1638921600000,"12/8/2021, 12:00:00 AM",siacoin,0.01829207872494949,907209244.2984595,71377599.2311959
1639008000000,"12/9/2021, 12:00:00 AM",siacoin,0.01856964207856954,920893733.0948217,54474935.26066957
1639094400000,"12/10/2021, 12:00:00 AM",siacoin,0.016651586016771955,829364364.9432884,34267944.160011485
1639180800000,"12/11/2021, 12:00:00 AM",siacoin,0.01638566733446763,820818442.9728225,45351734.7074948
1639267200000,"12/12/2021, 12:00:00 AM",siacoin,0.016789564650480298,833171484.4065318,24079949.936020743
1639353600000,"12/13/2021, 12:00:00 AM",siacoin,0.01693309997237099,837993175.2998749,16206598.549910579
1639440000000,"12/14/2021, 12:00:00 AM",siacoin,0.014905691397150339,739870151.9859592,35859207.855809174
1639526400000,"12/15/2021, 12:00:00 AM",siacoin,0.015457502430204693,764953202.575754,36330913.56817916
1639612800000,"12/16/2021, 12:00:00 AM",siacoin,0.016055742660991423,795919020.3314109,31182474.648142375
1639699200000,"12/17/2021, 12:00:00 AM",siacoin,0.01562175914776985,772827786.5093968,39564117.644497976
1639785600000,"12/18/2021, 12:00:00 AM",siacoin,0.015379157736159664,763577719.1613536,44190324.67193368
1639850509000,"12/18/2021, 6:01:49 PM",siacoin,0.015538256573088783,771435246.1496723,21491039.99851657
